1 10097.2 -6.2684
1.12202 10056.5 -7.05793
1.25893 10094.3 -7.83389
1.41254 10014.2 -8.91237
1.58489 10055.3 -9.99341
1.77828 10038.6 -11.2287
1.99526 10080.4 -12.513
2.23872 10042 -14.1074
2.51189 9923.8 -15.7491
2.81838 10042.9 -17.6649
3.16228 9908.73 -20.025
3.54813 10085.3 -22.1126
3.98107 9964.54 -24.842
4.46684 9958.22 -27.8879
5.01187 9942.43 -31.6226
5.62341 9969.21 -35.1276
6.30957 10005.1 -39.3157
7.07946 9918.48 -44.0915
7.94328 9915.48 -49.6385
8.91251 9990.86 -56.0856
10 9932.49 -63.376
11.2202 10042.4 -70.0928
12.5893 9921.14 -78.5905
14.1254 10089.7 -88.1241
15.8489 10085.1 -99.152
17.7828 9978.9 -111.782
19.9526 10025.2 -125.972
22.3872 10031.7 -141.404
25.1189 9967.24 -158.014
28.1838 9920.4 -178.267
31.6228 9957.1 -197.402
35.4813 10066.6 -223.975
39.8107 10073.5 -250.123
44.6684 10085.9 -278.499
50.1187 9936.81 -316.628
56.2341 9982.51 -355.282
63.0957 9901.15 -398.543
70.7946 10035.3 -440.01
79.4328 10039.9 -501.69
89.1251 9918.61 -554.579
100 9929.83 -621.396
112.202 9955.61 -700.613
125.893 10024.2 -790.476
141.254 9861.41 -872.227
158.489 9859.71 -983.954
177.828 9915.07 -1101.47
199.526 9895.91 -1237.66
223.872 9802.26 -1377.68
251.189 9814.75 -1536.05
281.838 9631.83 -1705.66
316.228 9529.06 -1926.59
354.813 9555.3 -2142.35
398.107 9497.65 -2351.23
446.684 9319.81 -2610.91
501.187 9098.3 -2873.83
562.341 8870.25 -3148.56
630.957 8667.21 -3450.32
707.946 8312.77 -3725.46
794.328 8013.02 -3965.76
891.251 7632.98 -4267.66
1000 7164.24 -4543.51
1122.02 6624.46 -4682.85
1258.93 6115.95 -4911.8
1412.54 5603.54 -4963.43
1584.89 5046.96 -5036.55
1778.28 4406.39 -4971.91
1995.26 3853.61 -4909.52
2238.72 3356.78 -4692.57
2511.89 2886.59 -4558.66
2818.38 2416.17 -4242.03
3162.28 2031.62 -4026.52
3548.13 1688.69 -3744.31
3981.07 1385.53 -3446.78
4466.84 1118.34 -3147.31
5011.87 914.867 -2865.5
5623.41 741.877 -2632.61
6309.57 596.648 -2348.44
7079.46 483.729 -2144.71
7943.28 383.627 -1917.77
8912.51 310.664 -1730.25
10000 244.86 -1556.46
11220.2 195.661 -1396.94
12589.3 156.139 -1237.32
14125.4 124.157 -1122.7
15848.9 100.636 -1001.35
17782.8 78.9944 -879.016
19952.6 63.488 -791.159
22387.2 50.3768 -710.277
25118.9 39.797 -635.056
28183.8 31.6718 -557.316
31622.8 25.3137 -498.512
35481.4 20.0702 -445.98
39810.7 16.0263 -401.364
44668.4 12.5693 -359.281
50118.7 10.0455 -316.952
56234.1 8.04156 -285.299
63095.8 6.37125 -251.717
70794.6 5.09071 -223.977
79432.8 4.00354 -199.602
89125.1 3.18421 -179.95
100000 2.52701 -160.076
112202 2.01091 -142.69
125893 1.59507 -125.594
141254 1.28179 -112.944
158489 0.999453 -99.8939
177828 0.795668 -90.3065
199526 0.640472 -79.7839
223872 0.509081 -70.6537
251189 0.400798 -63.1866
281838 0.319093 -56.199
316228 0.255353 -50.6242
354814 0.199511 -45.2208
398107 0.160371 -40.0983
446684 0.126405 -35.8396
501187 0.100936 -32.0591
562341 0.0793463 -28.242
630958 0.0634908 -25.2712
707946 0.0505706 -22.4743
794328 0.040175 -20.0281
891251 0.0318124 -17.9553
1e+06 0.0253439 -15.893
