1000000    7190.483351038373    -20235.725839634215
630957.3125    12622.069386410214    -32068.864355294
398107.1875    24067.63158719013    -49458.25230507936
251188.640625    23801.42985794247    -84383.4040825792
158489.3125    -7201.744869424658    -140263.4369822575
100000    57984.37582950455    -215580.15382604857
63095.734375    21024.952632121753    -341212.0513573004
39810.71875    11216.040790546014    -540177.7697967816
25118.86328125    35862.18396323372    -855181.2866660479
15848.931640625    223693.36460371132    -1334817.1224528367
10000    334561.38771507697    -2115198.6265800577
6309.5732421875    872510.0336648939    -3271672.9875521003
3981.07177734375    2176042.3669666853    -4880224.604321201
2511.88647460938    4433724.108486266    -7165961.868365521
1584.89318847656    8067008.173515595    -10515259.833614793
1000    11816045.77967838    -17248855.53235764
630.957336425781    14628033.624396553    -29573819.686466336
398.107177734375    20112040.401291914    -47960666.78835066
251.18864440918    32601708.219527632    -75517548.52181634
158.489318847656    48841071.82995778    -120318033.65826298
100    101539467.52323607    -180201911.68616298
63.0957374572754    209477939.9334116    -250255898.37822804
39.8107147216797    420064312.1389025    -297999199.10266656
25.1188640594482    796187147.7249322    -167127399.34207943
15.8489322662354    1178344048.2686234    512221166.5969226
10    -595270252.3288823    1929827849.6260512
6.30957365036011    -2971093506.358805    -1117214420.6380174
3.98107171058655    4959001143.034392    323581594.953413
2.51188659667969    -7311931830.9712305    -2518712471.805726
1.58489310741425    -11691454674.355288    -1840137859.481151
1000000    7190.483351038373    -20235.725839634215
630957.3125    12622.069386410214    -32068.864355294
398107.1875    24067.63158719013    -49458.25230507936
251188.640625    23801.42985794247    -84383.4040825792
158489.3125    -7201.744869424658    -140263.4369822575
100000    57984.37582950455    -215580.15382604857
63095.734375    21024.952632121753    -341212.0513573004
39810.71875    11216.040790546014    -540177.7697967816
25118.86328125    35862.18396323372    -855181.2866660479
15848.931640625    223693.36460371132    -1334817.1224528367
10000    334561.38771507697    -2115198.6265800577
6309.5732421875    872510.0336648939    -3271672.9875521003
3981.07177734375    2176042.3669666853    -4880224.604321201
2511.88647460938    4433724.108486266    -7165961.868365521
1584.89318847656    8067008.173515595    -10515259.833614793
1000    11816045.77967838    -17248855.53235764
630.957336425781    14628033.624396553    -29573819.686466336
398.107177734375    20112040.401291914    -47960666.78835066
251.18864440918    32601708.219527632    -75517548.52181634
158.489318847656    48841071.82995778    -120318033.65826298
100    101539467.52323607    -180201911.68616298
63.0957374572754    209477939.9334116    -250255898.37822804
39.8107147216797    420064312.1389025    -297999199.10266656
25.1188640594482    796187147.7249322    -167127399.34207943
15.8489322662354    1178344048.2686234    512221166.5969226
10    -595270252.3288823    1929827849.6260512
6.30957365036011    -2971093506.358805    -1117214420.6380174
3.98107171058655    4959001143.034392    323581594.953413
2.51188659667969    -7311931830.9712305    -2518712471.805726
1.58489310741425    -11691454674.355288    -1840137859.481151
